65
2 28 197 
2 190 196 
2 93 97 
2 252 333 
2 423 441 
2 35 420 
2 286 369 
2 47 326 
2 33 300 
2 165 482 
2 12 256 
2 299 421 
2 1 279 
2 306 322 
2 14 21 
2 330 454 
2 315 352 
2 7 17 
2 154 492 
2 86 414 
2 212 334 
2 72 358 
2 189 319 
2 11 141 
2 64 371 
2 337 451 
2 73 301 
2 266 410 
2 158 213 
2 120 182 
2 170 463 
2 156 484 
2 240 443 
2 52 462 
2 486 495 
2 210 261 
2 0 113 
2 111 175 
2 350 434 
2 108 264 
2 234 448 
2 221 298 
2 376 452 
2 38 155 
2 5 475 
2 166 310 
2 48 329 
2 208 236 
2 498 499 
2 147 219 
2 277 445 
2 199 324 
2 430 455 
2 193 356 
2 288 473 
2 187 433 
2 181 367 
2 360 396 
2 311 320 
2 385 387 
2 271 405 
2 409 439 
2 249 292 
2 15 419 
2 258 273 
Score 2281