1628
4 5121 5357 6404 8148 
4 421 2589 5913 6255 
4 3629 5583 6584 8785 
4 5231 7529 7710 9906 
4 1737 3987 8197 9487 
4 2094 4386 6735 8754 
4 998 1756 2584 5796 
4 59 2395 2861 6312 
4 6655 7569 7923 8873 
4 5515 6632 7444 7704 
4 7262 7796 8452 9612 
4 398 2489 5905 8407 
4 820 1248 1729 9004 
4 604 6459 7064 7549 
4 4848 6839 8189 8733 
4 5886 8437 8603 9354 
4 3626 4233 4449 9529 
4 1287 4318 5744 9213 
4 1524 4574 8479 9483 
4 3904 4100 7108 9620 
4 2545 5416 6823 9383 
4 847 1396 4041 6476 
4 4004 4644 5427 9131 
4 973 3697 7792 9247 
4 370 2061 4631 9618 
4 453 2155 3015 4863 
4 44 5363 6668 7168 
4 2222 2843 3135 8284 
4 1492 2752 3505 7100 
4 1561 2687 5570 9765 
4 2117 2935 8287 8775 
4 461 1423 3273 7936 
4 2932 3295 5616 6640 
4 674 4036 8004 8854 
4 1385 6639 8591 9813 
4 2331 2345 3715 5918 
4 666 2096 3420 6762 
4 1556 2598 5090 6756 
4 1114 3825 5251 8119 
4 1081 4106 4695 8384 
4 1388 1677 5001 9959 
4 4147 5526 5592 8689 
4 948 5989 6196 9818 
4 683 864 7525 9888 
4 3942 5052 6613 8320 
4 132 7369 8585 8911 
4 936 2968 4194 5211 
4 3149 4670 5083 9128 
4 2723 3484 4473 7863 
4 876 7515 7577 8240 
4 2246 2459 2819 9256 
4 3656 8777 8814 8837 
4 371 962 7819 7939 
4 110 7368 7950 8641 
4 684 752 2196 3176 
4 2212 7208 7290 8991 
4 2728 3457 4808 8636 
4 7101 7259 7945 8392 
4 281 2475 5791 9267 
4 714 2499 5651 6240 
4 63 2064 3678 4916 
4 1101 4090 5602 9894 
4 1071 1491 5048 9614 
4 2548 3024 6170 9019 
4 839 1013 3647 4685 
4 3765 4405 5945 7834 
4 1707 2070 7198 8152 
4 1115 4961 6677 7937 
4 1004 1233 3795 9986 
4 2124 3272 4579 9965 
4 3302 5042 7104 7201 
4 854 2141 6782 9295 
4 384 4702 7135 7927 
4 2008 4430 5101 5773 
4 443 1734 7540 8639 
4 336 1164 6495 8058 
4 2115 4788 4886 7961 
4 1214 2080 6381 9568 
4 4957 4964 5046 7896 
4 1341 2922 5214 6176 
4 2558 6702 7825 8063 
4 1146 1830 4917 7409 
4 976 5295 5653 9307 
4 49 3499 4983 7202 
4 3463 4509 5713 6107 
4 82 2964 5772 7313 
4 818 4874 7757 8612 
4 3047 3607 3792 7595 
4 3096 3896 4135 5982 
4 3566 3940 6252 7136 
4 2727 4240 4406 9305 
4 887 2228 3309 7543 
4 2274 3228 8338 8485 
4 636 1851 3293 4925 
4 1353 1671 4322 8608 
4 1210 4940 5310 9433 
4 6168 6935 7305 9129 
4 1988 5219 7516 9866 
4 1203 2456 6550 9527 
4 71 5625 7551 8322 
4 5383 7326 8745 9795 
4 7 1812 1955 7145 
4 3042 4131 4185 8116 
4 3114 3437 4141 4637 
4 47 594 7579 8465 
4 1322 1450 8851 9690 
4 1094 5873 7359 9552 
4 766 3142 4167 5494 
4 1742 2259 2481 4235 
4 9 532 1713 9539 
4 1934 3686 4655 7231 
4 727 2686 5006 8803 
4 4561 5652 7583 8250 
4 3844 4074 7715 8553 
4 2962 3072 4657 6129 
4 2759 7083 7447 9525 
4 1050 8387 9235 9263 
4 4112 4847 6957 7032 
4 62 1895 2293 4475 
4 723 4102 7088 9532 
4 213 859 7308 9917 
4 954 2736 3357 9196 
4 1946 2982 3337 8736 
4 4320 4374 7196 9946 
4 1418 2342 2726 8332 
4 3196 3519 5163 8010 
4 2045 6611 7648 8375 
4 1568 1591 1724 4076 
4 2652 3689 6547 9063 
4 4619 6178 6882 8767 
4 992 5777 8193 8626 
4 3170 5686 5904 7725 
4 850 2060 2340 4638 
4 2642 4402 8644 9106 
4 3155 4490 7451 9119 
4 3672 4912 4995 5172 
4 2544 2749 6534 9966 
4 1433 4139 5931 9747 
4 1621 3648 6558 7494 
4 120 2085 8601 9576 
4 586 2828 3542 3775 
4 3593 5729 6038 7851 
4 201 2323 3781 9344 
4 3257 3757 6913 8478 
4 774 6571 7464 7643 
4 403 7148 7814 8397 
4 328 4550 6567 9542 
4 2628 2862 4244 8138 
4 2870 3889 7545 9559 
4 1763 3112 5156 9275 
4 58 2795 6134 8186 
4 18 4150 8997 9302 
4 676 4058 6467 7862 
4 3475 6537 6927 7316 
4 1383 3376 8242 8865 
4 2308 4480 7079 9713 
4 2300 2814 4959 8233 
4 3708 4044 8267 9151 
4 11 5081 8115 8187 
4 1711 2036 2213 3840 
4 3451 4390 5366 8259 
4 3869 6171 7673 9900 
4 446 5096 9320 9528 
4 5609 6147 7703 8849 
4 1839 5845 7166 8506 
4 778 1160 2160 7445 
4 2305 3842 8616 9873 
4 1936 2123 5540 8094 
4 1049 4837 8079 9243 
4 1552 2243 2267 3526 
4 2023 3583 5854 6359 
4 2313 3126 8430 9605 
4 654 8101 8167 9514 
4 245 1136 1509 4284 
4 2985 6123 7944 8286 
4 333 3913 6050 7267 
4 687 5359 6300 7953 
4 5136 8509 9374 9921 
4 2944 3950 5324 7522 
4 373 4498 6580 7726 
4 2817 3632 3899 7385 
4 1231 4551 7466 8036 
4 706 6777 6842 7008 
4 3106 3745 4902 6060 
4 2282 8367 9283 9289 
4 2535 2920 5919 9784 
4 1767 1845 5209 8348 
4 6481 7756 9340 9722 
4 2674 3253 3618 5665 
4 1427 4690 4965 8701 
4 65 177 2203 9691 
4 6989 7026 7922 9856 
4 463 593 6985 8563 
4 2994 5600 8834 9942 
4 2718 6638 7050 7700 
4 1817 5622 8047 9732 
4 2572 3002 7920 8026 
4 3083 4151 6329 8721 
4 780 1357 1359 7212 
4 1096 2941 8346 9111 
4 3229 4951 6313 6582 
4 1372 2619 4516 8253 
4 1996 5962 8697 9649 
4 522 4137 9252 9443 
4 709 745 1085 9778 
4 103 2364 7209 9366 
4 67 717 2009 2571 
4 1336 3356 3485 4352 
4 2112 3368 4351 6363 
4 565 1861 8477 8839 
4 4582 6316 6426 9779 
4 251 2351 2802 3443 
4 1976 6602 9124 9751 
4 2647 5909 6477 9365 
4 645 2905 8751 8811 
4 5492 5891 9123 9154 
4 257 2536 7119 7330 
4 6 6994 8199 9325 
4 3089 5793 6415 7629 
4 1340 4259 7981 9546 
4 214 3379 4134 8614 
4 171 1787 7671 8947 
4 60 1344 3496 4884 
4 1202 1510 2162 3214 
4 332 2957 5593 9629 
4 1701 2095 8200 9585 
4 188 4357 5330 9806 
4 4477 7489 7911 9968 
4 4293 5239 5544 8835 
4 3062 5733 8779 9363 
4 3308 8163 9511 9930 
4 1001 1717 6666 8501 
4 1820 5149 5244 9974 
4 4557 4867 6914 7934 
4 750 877 6956 8923 
4 1740 1975 7391 8529 
4 2776 4222 7344 8003 
4 1505 5518 5970 6342 
4 1800 5236 7057 8658 
4 296 1351 5332 9545 
4 5991 6188 6297 7613 
4 321 4711 7677 8431 
4 1564 3730 4977 7153 
4 1364 4717 8651 9962 
4 2245 4696 4727 8449 
4 1747 1883 2575 7439 
4 924 1249 8040 9166 
4 1743 5529 7415 7647 
4 1965 3120 4331 5758 
4 1522 1714 3750 4415 
4 4572 5131 8915 9426 
4 2509 6738 8418 8990 
4 791 3473 5808 7699 
4 7210 8168 9341 9419 
4 2043 3579 5488 9550 
4 797 3655 4161 5028 
4 767 1061 5683 8056 
4 902 3087 7972 8579 
4 2265 5835 6616 7824 
4 5074 6273 7524 9271 
4 55 5728 6042 8548 
4 5720 6627 7250 9397 
4 385 1673 2573 6309 
4 96 301 6419 9569 
4 264 3845 6742 8866 
4 1523 2952 3223 5155 
4 1200 6144 8470 9626 
4 773 3673 3830 8607 
4 631 6192 8487 8702 
4 1178 3306 3834 7436 
4 197 6336 9566 9853 
4 1889 4870 8625 9718 
4 1508 1636 3167 6226 
4 5553 6410 7748 8132 
4 2055 2089 8659 9797 
4 407 2809 9572 9746 
4 4367 6377 8183 9250 
4 3271 3978 7155 9048 
4 1476 1948 3137 5864 
4 278 4649 4960 7567 
4 730 1810 2612 5375 
4 3791 3905 4600 8940 
4 2486 5610 6058 9689 
4 875 3557 4043 4079 
4 1998 6384 6769 8671 
4 4524 5308 9843 9952 
4 3367 3870 4200 9265 
4 283 1228 4861 7253 
4 3 1483 6198 8677 
4 3001 5476 6747 7302 
4 1853 2353 7103 8172 
4 2000 3857 3944 8707 
4 1912 6028 7443 9078 
4 1429 6662 7118 9871 
4 2912 5170 6010 7880 
4 85 3997 7412 8204 
4 432 915 4532 8297 
4 1140 4527 7095 8453 
4 1720 2927 5203 9507 
4 884 3508 4706 6578 
4 1587 4179 7696 8670 
4 263 1040 3278 4607 
4 836 1378 3028 9755 
4 4469 6012 7319 9695 
4 5803 6981 8442 8683 
4 3728 5207 6146 7978 
4 1037 5849 6483 7296 
4 464 995 4617 6320 
4 1224 1253 3885 6110 
4 513 634 2585 6498 
4 1821 3022 4474 9908 
4 4565 6444 6757 8964 
4 3037 3518 5197 7617 
4 7618 7861 8722 8895 
4 1681 6370 7603 8750 
4 2877 3877 4883 8932 
4 1542 4307 4871 8929 
4 1117 3561 3736 6296 
4 137 1073 1684 1708 
4 1154 1484 1923 5174 
4 1152 4786 7759 9464 
4 2627 3248 7536 9359 
4 2939 3362 5902 8524 
4 3375 5785 6367 8692 
4 1526 1571 4439 8956 
4 916 2937 8328 9599 
4 559 4038 4975 5823 
4 1116 2592 4361 9880 
4 520 2488 5278 7678 
4 2798 3892 7870 8637 
4 760 3511 9197 9769 
4 3544 4292 5462 8874 
4 2600 3853 4521 7041 
4 1833 7823 8466 9425 
4 3055 3107 5341 9849 
4 5839 6605 7178 7463 
4 17 1261 1361 5547 
4 6231 6577 6656 9350 
4 174 4668 5705 9907 
4 56 5250 5941 8527 
4 172 846 970 5998 
4 1712 2185 6938 7130 
4 1726 2566 3769 4946 
4 208 3050 5441 6220 
4 8516 9014 9961 9984 
4 1570 5548 6965 7255 
4 1430 5151 5378 5503 
4 145 3746 5446 7215 
4 529 2368 4627 7238 
4 10 688 4604 6389 
4 6715 7363 7740 9895 
4 451 912 2106 5563 
4 297 4663 5271 6856 
4 1234 8363 8673 9092 
4 1765 3969 6266 8714 
4 2716 4731 6526 8931 
4 525 844 1122 8081 
4 164 738 1601 3134 
4 1827 3516 6752 9741 
4 2165 3540 5579 5649 
4 923 1487 6205 9168 
4 5118 6583 7218 9182 
4 1197 2766 7149 7624 
4 926 6364 9161 9597 
4 556 6133 6540 9121 
4 139 4093 5325 9594 
4 4990 7778 8059 9214 
4 1963 2649 6052 7558 
4 3104 4491 8239 9450 
4 2221 2295 2407 4230 
4 1589 2007 3258 3691 
4 117 5007 6396 6451 
4 2484 3674 7518 8824 
4 5013 5948 8198 8833 
4 1648 5017 7839 8161 
4 2309 2804 5899 9390 
4 642 5574 8293 8650 
4 6623 8617 9135 9246 
4 211 7346 7499 9719 
4 2127 5627 7692 8044 
4 5056 5875 6149 7152 
4 2555 2848 2879 7204 
4 480 628 4126 9490 
4 87 656 2590 3029 
4 1010 6680 7954 8305 
4 2836 3276 7151 7983 
4 1015 6036 8247 8609 
4 3932 5879 6102 6645 
4 2125 6721 8606 9414 
4 1825 4859 7278 9588 
4 1876 2811 3608 7318 
4 1735 3828 6215 6731 
4 3677 5513 7752 8653 
4 289 1847 1866 6157 
4 4555 9471 9580 9776 
4 178 206 2872 3239 
4 597 900 1943 6256 
4 28 1056 3527 3973 
4 1620 5487 6193 9286 
4 1856 3480 3692 7375 
4 2516 4650 5824 6703 
4 931 1464 2538 4671 
4 1159 8652 9382 9852 
4 1393 2226 6350 8578 
4 1311 7888 9276 9499 
4 1819 4170 5815 8134 
4 590 1129 5981 8258 
4 3132 4522 4573 6685 
4 1205 2190 3808 3891 
4 307 2697 5061 6531 
4 1632 4054 6111 7764 
4 834 4792 8434 9637 
4 5559 6152 6741 8468 
4 53 4496 6206 8537 
4 151 1877 2999 3092 
4 1260 1718 5058 9238 
4 124 1994 5094 6984 
4 2732 6443 9407 9799 
4 4725 7105 7475 8684 
4 142 3895 7413 8342 
4 1874 2705 4933 6228 
4 290 3573 6053 7875 
4 589 1888 7542 7610 
4 3980 4857 4997 8967 
4 1562 7406 7734 7777 
4 236 4611 7512 9165 
4 1642 4091 5371 9675 
4 2091 4692 9241 9730 
4 1884 2428 4055 6932 
4 253 4661 6306 7361 
4 4865 7884 9376 9748 
4 4636 4814 9326 9714 
4 1704 5418 8032 9530 
4 4442 4774 7219 9602 
4 2490 6651 6676 8035 
4 6628 7993 9761 9864 
4 3297 4592 5710 8907 
4 2020 3839 3924 4066 
4 4363 4656 4875 6849 
4 2241 4989 5644 6155 
4 1445 1837 2765 6557 
4 3802 5794 7286 7594 
4 2887 3912 4703 7659 
4 540 1282 1440 2254 
4 4381 5044 5235 6827 
4 648 2565 4716 4926 
4 362 735 2854 7090 
4 898 2400 3558 5517 
4 6733 7526 7662 7841 
4 4187 4506 9016 9976 
4 1595 1598 8123 9523 
4 358 3945 5035 9896 
4 3654 4904 5671 8176 
4 2461 5916 6326 7074 
4 3531 3553 6794 9650 
4 1023 5020 6365 7733 
4 534 4089 8241 8423 
4 3567 4771 7003 9922 
4 4064 5389 6366 6976 
4 1723 4410 6380 8333 
4 1339 5530 7382 9453 
4 2457 2806 3498 6800 
4 2081 4559 6289 7374 
4 3422 5336 6436 6673 
4 1467 2006 7037 8597 
4 147 1406 4773 5474 
4 1332 1471 4879 6076 
4 2375 3906 6988 7432 
4 2320 5205 5355 7683 
4 1533 4412 7356 9220 
4 210 5898 9368 9988 
4 404 4375 8432 9848 
4 3760 6361 7419 8861 
4 689 2907 6778 9456 
4 2783 7914 8019 9468 
4 33 960 1584 5633 
4 489 622 4495 5489 
4 1422 5086 6857 9879 
4 1609 8894 8938 9192 
4 146 909 3718 4720 
4 2462 4639 4766 6514 
4 5178 6490 8376 9361 
4 5457 7821 8715 8889 
4 4478 5551 7249 7534 
4 2389 3145 3323 7230 
4 4011 4452 7818 7943 
4 3582 7310 7768 8153 
4 2381 3704 7785 8043 
4 6528 7426 8648 9561 
4 1529 8150 9043 9684 
4 1021 7175 7530 9726 
4 3617 5856 6784 8845 
4 2398 3244 9072 9703 
4 2401 5869 6585 8898 
4 737 2260 2874 3595 
4 2129 3299 6016 7592 
4 3882 3914 3983 6870 
4 396 3559 4953 8299 
4 5901 6340 7917 8954 
4 1930 3352 8823 9631 
4 3966 4026 4057 6208 
4 39 1512 3153 7770 
4 1922 5467 8325 8425 
4 150 5461 8679 9122 
4 635 5085 5776 6466 
4 835 3188 5255 7990 
4 4907 5865 9143 9971 
4 1090 2191 3371 6202 
4 198 1952 5615 5920 
4 3339 3985 7013 9222 
4 5380 5522 7454 9549 
4 6834 7116 8746 9429 
4 3749 4202 4704 4823 
4 1886 5832 6649 7956 
4 512 4467 8712 9062 
4 3075 5531 7480 8519 
4 947 8238 9667 9802 
4 32 804 5724 7596 
4 359 5556 7010 8682 
4 711 1822 3136 7966 
4 1507 2134 9183 9221 
4 149 1761 3564 9606 
4 1347 4124 6421 9734 
4 3129 4016 9091 9828 
4 678 5908 6873 7689 
4 2277 3011 6700 6724 
4 2167 5566 5896 9868 
4 2148 3811 6184 7809 
4 45 2343 7220 7221 
4 170 2924 3428 4887 
4 1100 2707 4640 6243 
4 300 1256 3322 7186 
4 5756 7970 8196 8632 
4 2024 6160 6705 9173 
4 1908 4208 6574 8276 
4 3694 5954 7731 8264 
4 6446 7876 7964 9573 
4 0 1382 5451 6811 
4 3641 3991 5584 6203 
4 6015 6264 9096 9459 
4 849 4465 4514 6248 
4 313 5164 5939 8263 
4 2672 3121 5047 8562 
4 2198 2278 2983 3724 
4 471 2467 2495 3020 
4 611 4335 5166 6637 
4 6681 6726 7984 9752 
4 4949 6553 8027 8517 
4 4708 6596 8752 8908 
4 1174 6903 7424 9978 
4 1157 5277 7975 9299 
4 1047 1199 9891 9996 
4 5721 6659 6942 9068 
4 4659 5657 6522 8133 
4 1044 6112 8711 9583 
4 1569 5040 7386 8801 
4 3681 6648 9328 9987 
4 4215 4992 5947 7425 
4 2367 3127 6017 7727 
4 1593 5240 5836 5860 
4 708 2875 3818 9210 
4 1179 3412 4340 9633 
4 562 1181 3203 3517 
4 433 1106 5449 8222 
4 1411 2337 5173 5362 
4 2062 4511 7509 9038 
4 2506 3226 5763 7384 
4 541 1668 4286 6022 
4 4790 6719 7521 9836 
4 2702 6478 8143 9721 
4 514 1840 4419 7500 
4 1381 3031 4456 9486 
4 355 3894 5536 5813 
4 968 3563 6246 8160 
4 1616 4052 6713 8863 
4 825 8202 8210 8667 
4 4206 5157 6351 8696 
4 4958 6492 8413 8864 
4 1409 2025 2601 5496 
4 204 3105 8810 8828 
4 889 1400 5730 7555 
4 608 2296 7877 8336 
4 465 1751 5198 8139 
4 1768 2120 6280 6960 
4 4188 4359 4742 6275 
3 2159 2329 6864 
3 4092 5872 9920 
3 3596 8031 8876 
3 70 1012 2437 
3 3004 7751 9935 
3 1321 8006 8977 
3 3330 4943 9995 
3 1535 5368 6051 
3 530 2954 6576 
3 240 3972 7633 
3 4801 8919 9269 
3 234 1843 3809 
3 2033 3657 6263 
3 919 955 4000 
3 2578 3926 4228 
3 3235 5606 9198 
3 1640 8215 9418 
3 430 456 4858 
3 5751 9716 9768 
3 431 7614 9187 
3 5082 8089 9519 
3 2746 2786 7924 
3 131 270 3311 
3 2661 7397 7729 
3 5208 8454 9600 
3 500 1062 9028 
3 97 6008 6097 
3 2949 9201 9699 
3 7995 9446 9538 
3 372 2193 2604 
3 978 1750 8137 
3 3939 4046 6698 
3 620 6964 9767 
3 2762 2977 8447 
3 439 1939 9332 
3 1330 2072 6161 
3 1744 2632 7663 
3 1259 3956 9086 
3 1036 5191 6890 
3 6761 8180 9656 
3 4796 5986 9431 
3 136 4534 7170 
3 673 1475 4301 
3 1980 2694 6003 
3 1796 2772 9584 
3 2514 3212 8401 
3 885 4221 4798 
3 1519 6565 9413 
3 2102 5482 8822 
3 3590 7407 7457 
3 2713 7991 9398 
3 1649 5245 9944 
3 3370 6824 6844 
3 956 4942 6835 
3 2074 3280 8252 
3 183 4104 6809 
3 1961 6137 6352 
3 24 2595 8568 
3 2399 6450 8383 
3 1694 8326 8435 
3 1318 4502 6887 
3 4387 4635 5666 
3 1279 3344 5752 
3 3060 3793 8859 
3 7800 7895 8037 
3 6197 7881 9075 
3 86 7674 9855 
3 4238 5732 7586 
3 2207 4777 6302 
3 37 1546 9083 
3 2891 5994 6121 
3 2881 2953 6463 
3 1983 2297 4839 
3 3543 4783 8314 
3 1538 7461 7554 
3 457 458 4358 
3 7471 9009 9036 
3 3822 7320 7724 
3 1755 5897 7362 
3 4248 4595 6972 
3 756 7410 7812 
3 4400 6959 8900 
3 3364 6963 8815 
3 5168 7357 8093 
3 602 2608 9094 
3 487 3141 4434 
3 2144 4116 4596 
3 2903 6915 8766 
3 8930 9047 9137 
3 3951 6332 7387 
3 335 5024 6471 
3 2596 4399 7206 
3 3052 6311 8353 
3 1536 2210 7094 
3 2149 9035 9564 
3 801 3347 9215 
3 2741 6506 8486 
3 392 462 9578 
3 221 1371 5066 
3 2785 4339 9114 
3 3021 3875 6353 
3 2028 4504 9838 
3 40 2610 2956 
3 1688 2892 7078 
3 3651 7850 7889 
3 2859 4994 6818 
3 1678 2837 6448 
3 3789 6127 9659 
3 4069 5233 6925 
3 168 1161 3887 
3 725 4982 5628 
3 802 7602 8663 
3 6232 9709 9820 
3 2469 4736 6175 
3 840 2412 6148 
3 31 1453 2059 
3 842 1009 4877 
3 4291 5181 9394 
3 7557 7959 8438 
3 1426 7632 9651 
3 502 2307 5106 
3 4097 6944 7859 
3 6229 7694 9595 
3 1778 8028 8737 
3 4488 4688 5125 
3 2683 6699 9993 
3 1959 6328 8022 
3 2685 3318 8543 
3 343 739 8576 
3 511 644 3841 
3 615 4549 9015 
3 78 5817 9540 
3 402 3012 9678 
3 2101 2169 5128 
3 152 639 6725 
3 325 1220 5631 
3 1043 7960 9223 
3 393 1869 8426 
3 4567 5959 8804 
3 613 5719 7423 
3 229 5422 6473 
3 4787 7742 9489 
3 2950 4689 6034 
3 5558 7971 9227 
3 793 5676 7395 
3 68 4031 6746 
3 2388 7803 8643 
3 4099 6952 8950 
3 848 8256 8903 
3 1165 5882 9957 
3 34 4855 5190 
3 3123 3743 8097 
3 1979 2472 7631 
3 953 6315 7994 
3 3679 3903 7697 
3 726 1807 7532 
3 2242 4826 7314 
3 579 3555 4880 
3 1377 5881 7430 
3 1080 5731 6225 
3 20 6005 7132 
3 252 305 1892 
3 13 413 7581 
3 1167 5850 9887 
3 640 1270 6452 
3 3698 4969 9892 
3 467 3515 8629 
3 4723 5443 8571 
3 2215 4811 5951 
3 153 2164 5212 
3 1502 1590 3396 
3 76 2669 3509 
3 2137 4298 6922 
3 6357 8398 9274 
3 2002 7176 7666 
3 860 4047 6563 
3 740 2304 6189 
3 57 477 9475 
3 3665 6095 7826 
3 4267 6479 7496 
3 4078 4173 5863 
3 346 6291 6674 
3 193 3621 6046 
3 2929 4750 7713 
3 4451 5950 9280 
3 1549 2358 4554 
3 395 4155 4679 
3 2527 5146 8212 
3 5161 5829 9524 
3 2629 3233 9337 
3 649 2432 7906 
3 293 2019 3246 
3 2898 4279 7036 
3 1369 4246 7951 
3 414 1586 4922 
3 2232 3581 4245 
3 1953 8456 8821 
3 1276 3449 8206 
3 937 3146 3902 
3 1416 3761 5346 
3 5026 6740 9234 
3 949 4249 7804 
3 6210 7024 7252 
3 6104 9065 9830 
3 1286 4662 8986 
3 2799 6544 7565 
3 83 9313 9526 
3 2533 5895 6244 
3 2634 4747 9157 
3 568 1194 2751 
3 554 4314 7194 
3 868 2531 3161 
3 3261 3838 4311 
3 1084 1650 2824 
3 23 3482 5200 
3 3504 4030 7743 
3 1504 3748 7197 
3 3431 3773 6270 
3 2668 5714 9543 
3 1516 3263 8498 
3 16 1793 3806 
3 4328 8229 9105 
3 4653 4856 7813 
3 7236 7653 9294 
3 444 1118 8675 
3 2529 3930 5387 
3 1532 6258 6630 
3 2303 4537 9333 
3 4176 8440 8965 
3 982 1032 2047 
3 1514 4767 9458 
3 7490 7963 9496 
3 1527 3332 5401 
3 1250 5672 9635 
3 6294 6664 7018 
3 3174 3911 9958 
3 4501 8277 9810 
3 1031 9488 9692 
3 4398 6828 8201 
3 1296 4623 4841 
3 4713 4892 7559 
3 4914 6245 7150 
3 2442 4578 8642 
3 1201 1986 8952 
3 1891 6612 9260 
3 675 3316 6920 
3 1027 1452 9551 
3 5237 6962 9680 
3 3125 4001 8355 
3 2712 3824 9085 
3 2671 5199 9251 
3 4935 5373 8729 
3 6510 8179 8289 
3 1606 2264 3880 
3 3513 6822 8727 
3 499 2143 8654 
3 1618 2422 8067 
3 5175 5980 6744 
3 5834 6430 6852 
3 5059 6494 9711 
3 6569 6693 7622 
3 3407 7761 9022 
3 4144 4775 9149 
3 3747 5641 8177 
3 365 858 5769 
3 459 5043 9002 
3 4605 4898 9858 
3 225 4447 8981 
3 3099 6093 8918 
3 4164 5400 8593 
3 2328 4095 4407 
3 6604 7957 8235 
3 30 7237 7828 
3 3147 8808 8897 
3 3570 4562 7418 
3 1058 5097 9655 
3 115 1806 7849 
3 1898 9272 9611 
3 2402 6118 8567 
3 185 6600 6846 
3 123 1951 9624 
3 3547 7600 9181 
3 2335 6727 9985 
3 1110 6130 8382 
3 3274 6323 9073 
3 1132 5831 8978 
3 3355 5471 7721 
3 5098 6398 7190 
3 1865 2235 6590 
3 4482 4558 6002 
3 1669 1978 8472 
3 576 2570 8388 
3 2946 4156 8806 
3 6126 6766 7048 
3 94 8108 8756 
3 2046 5077 6851 
3 5442 6993 8393 
3 4694 6472 9927 
3 6899 7085 7868 
3 2205 2220 7273 
3 4840 8753 9771 
3 7127 7616 8340 
3 1639 4325 6078 
3 2466 6669 7315 
3 4197 4546 6090 
3 5505 7247 7665 
3 1835 2240 7899 
3 2333 5812 7634 
3 1288 5019 9613 
3 896 5944 7693 
3 3615 7329 8372 
3 1754 3587 9859 
3 6711 8572 9745 
3 3078 5041 6304 
3 2582 8640 9338 
3 2591 3883 6524 
3 473 4489 4804 
3 2216 8129 8734 
3 6223 7460 7805 
3 516 2105 2294 
3 899 1848 2911 
3 3506 5323 6774 
3 1271 1774 4564 
3 160 6671 7815 
3 1137 1266 5460 
3 1313 5613 9003 
3 2234 2730 7275 
3 2549 5621 6697 
3 1192 3324 5800 
3 3265 3884 6560 
3 22 101 9877 
3 143 5189 9603 
3 1212 1849 9013 
3 3878 6356 9948 
3 419 5702 8573 
3 5140 6803 6990 
3 3439 4172 8996 
3 3281 3664 4308 
3 3038 6739 8994 
3 2754 5276 8021 
3 2136 7121 9134 
3 2199 4312 5134 
3 3933 5268 7491 
3 1653 2237 3402 
3 1086 4746 7686 
3 5171 6064 7123 
3 906 2390 2781 
3 1699 6063 9029 
3 558 2453 7931 
3 417 3578 9744 
3 753 2793 6581 
3 8773 9261 9844 
3 4255 5397 9194 
3 2016 3097 4217 
3 3849 5523 9679 
3 1170 4394 8716 
3 550 6023 6595 
3 796 5903 8084 
3 4136 6414 8411 
3 2417 3873 9230 
3 1488 5426 6035 
3 1656 4196 7510 
3 1480 4599 5234 
3 2289 3782 5598 
3 381 1127 4918 
3 1461 2268 6636 
3 2852 6831 7117 
3 4630 4818 9008 
3 6132 6261 7400 
3 828 8049 8166 
3 2775 3491 7233 
3 159 1093 8316 
3 1172 1624 4678 
3 219 2406 2444 
3 2621 3131 3888 
3 3817 5253 9759 
3 7786 8793 9901 
3 3381 8464 8759 
3 2951 4613 6096 
3 472 6520 8789 
3 1814 3442 5246 
3 1783 2731 6432 
3 893 1665 6227 
3 279 4094 5736 
3 1867 6517 8618 
3 1404 2068 4910 
3 1985 3965 8633 
3 1627 5770 6529 
3 217 3783 6953 
3 133 3262 7903 
3 845 6373 7788 
3 2334 7309 7684 
3 3334 8165 8539 
3 2065 3300 8987 
3 2750 7501 9502 
3 4932 5972 9534 
3 218 1836 3401 
3 3584 5313 5966 
3 2281 4487 5577 
3 610 5398 7969 
3 1781 5391 7925 
3 4193 6180 9575 
3 1801 2554 9535 
3 4088 4479 5917 
3 3721 5586 9200 
3 2987 3312 3744 
3 1208 1221 5064 
3 669 2711 7898 
3 4894 5132 7388 
3 3862 6417 8665 
3 651 3927 7110 
3 1899 5104 7980 
3 1184 3539 6586 
3 1904 7675 9660 
3 401 5370 6812 
3 1646 2722 7371 
3 990 2376 2947 
3 3445 3929 7695 
3 934 2184 9846 
3 1716 2464 9754 
3 4981 7289 8694 
3 89 3411 5599 
3 2326 5594 9770 
3 3076 3085 9941 
3 1292 3947 7502 
3 1638 3216 5481 
3 545 3124 4544 
3 2087 4538 9882 
3 5345 7065 7672 
3 144 4428 4529 
3 2560 8638 8934 
3 292 2173 3807 
3 249 7664 8525 
3 1935 3424 9156 
3 163 827 7043 
3 3017 7902 9356 
3 1683 1928 4669 
3 757 1130 6770 
3 3521 5511 8015 
3 771 977 1299 
3 6405 7907 8584 
3 4628 8842 9209 
3 6259 6958 7744 
3 2835 3115 8268 
3 894 4163 6973 
3 1120 6307 6497 
3 4833 7608 9670 
3 2050 2480 7177 
3 1870 8732 9089 
3 1138 3580 9140 
3 930 2463 6805 
3 304 1469 5122 
3 2022 2057 7096 
3 207 2990 6068 
3 2567 4882 6409 
3 691 4646 9785 
3 4553 4842 8709 
3 199 5429 5804 
3 316 7553 8853 
3 241 3610 4149 
3 618 7014 7962 
3 2011 3313 6331 
3 7134 7223 9860 
3 1209 1331 8273 
3 157 3941 7274 
3 287 288 8776 
3 2227 4337 9491 
3 356 4392 5725 
3 6301 6541 8409 
3 4948 8298 8886 
3 2564 7878 9152 
3 3541 3893 9225 
3 5192 6897 7640 
3 3178 3186 7216 
3 865 2179 7642 
3 5514 7163 8502 
3 643 3353 6425 
3 5550 7544 9179 
3 728 819 1227 
3 5206 8068 8534 
3 1971 5060 8645 
3 862 4468 5254 
3 1277 1652 5718 
3 3006 9647 9710 
3 2418 5182 6387 
3 616 1574 2805 
3 4714 6213 9100 
3 1958 4226 7229 
3 2288 4789 5329 
3 7019 9367 9863 
3 108 3753 4355 
3 6904 7298 7795 
3 5578 6513 9406 
3 3438 5663 7546 
3 1841 5658 8870 
3 5825 6087 8941 
3 425 867 8310 
3 186 5612 9553 
3 733 2563 3425 
3 5424 5952 8740 
3 2239 6796 7087 
3 784 3536 4634 
3 1495 6629 9329 
3 2841 4598 8141 
3 3798 9617 9870 
3 5741 5848 9885 
3 4508 7948 9232 
3 226 6814 9172 
3 2163 4143 5534 
3 1809 2344 4791 
3 2435 7349 8564 
3 800 1615 2201 
3 769 1376 5771 
3 2318 7091 7556 
3 6484 9158 9582 
3 378 1479 5958 
3 1661 3812 9423 
3 1563 3208 3712 
3 5611 9570 9590 
3 2577 3209 5510 
3 347 348 6620 
3 2689 4693 8321 
3 789 5573 9314 
3 1685 1700 4726 
3 719 7365 9862 
3 4906 6748 8309 
3 189 1099 9876 
3 2152 4518 7799 
3 7333 7434 7441 
3 383 4290 6253 
3 1403 8103 8771 
3 128 4986 9346 
3 4403 5409 9555 
3 3917 6125 7580 
3 7060 8493 9954 
3 1788 2586 7835 
3 958 4211 6917 
3 1909 2451 7758 
3 1235 7541 8086 
2 441 1949 
2 7459 8347 
2 5294 9205 
2 415 2470 
2 633 4939 
2 5316 6701 
2 1494 6692 
2 349 5183 
2 1131 1196 
2 3213 9819 
2 4709 7140 
2 2012 7946 
2 1679 8064 
2 1180 1284 
2 4996 6456 
2 1799 2878 
2 1188 8960 
2 3327 8379 
2 1230 2356 
2 2382 3784 
2 1119 3949 
2 5148 6279 
2 5379 8686 
2 8080 8282 
2 703 5343 
2 2550 9323 
2 203 1993 
2 361 3859 
2 3860 6457 
2 831 1868 
2 291 863 
2 8875 9737 
2 509 7479 
2 2035 5694 
2 7807 8412 
2 2498 5779 
2 1323 1611 
2 405 1335 
2 5410 7669 
2 388 2483 
2 280 9999 
2 3821 4621 
2 4 693 
2 782 8406 
2 1732 9372 
2 6843 7965 
2 935 7507 
2 1105 3247 
2 1818 2384 
2 6085 8726 
2 2378 7753 
2 268 4344 
2 4633 8970 
2 4632 7251 
2 922 2324 
2 8784 9102 
2 4675 8985 
2 5833 8410 
2 8955 9663 
2 1135 4664 
2 1133 2789 
2 200 2579 
2 7307 9807 
2 3394 4254 
2 4734 5699 
2 1111 6233 
2 227 6407 
2 4330 5051 
2 1074 4950 
2 258 3787 
2 1046 4979 
2 2405 8461 
2 4107 8523 
2 2086 4461 
2 7667 8791 
2 376 2942 
2 1553 5844 
2 983 9742 
2 1987 3922 
2 1029 6635 
2 6500 9636 
2 318 2541 
2 2311 5356 
2 7791 9604 
2 2373 3389 
2 3386 3639 
2 662 2386 
2 811 5977 
2 3292 9701 
2 6983 9724 
2 4371 9533 
2 794 8164 
2 342 2508 
2 9557 9644 
2 5005 6158 
2 9162 9632 
2 7092 9148 
2 741 8731 
2 3385 5177 
2 4425 8602 
2 6434 9186 
2 2410 3199 
2 2676 6371 
2 2715 8374 
2 3827 7322 
2 173 2030 
2 491 5327 
2 7399 9717 
2 8491 8725 
2 5413 9773 
2 2883 5885 
2 409 8872 
2 2825 7820 
2 4220 4369 
2 872 6647 
2 1534 7992 
2 3866 8136 
2 621 9342 
2 3819 6420 
2 1992 3008 
2 4810 7706 
2 1918 6254 
2 3756 6242 
2 5187 5266 
2 4273 7627 
2 5957 7340 
2 4651 5210 
2 2934 7712 
2 148 2747 
2 69 1897 
2 7069 9977 
2 5073 5643 
2 1439 4323 
2 1705 3225 
2 821 3267 
2 5399 8857 
2 1206 7636 
2 4435 6678 
2 1329 3799 
2 1063 1415 
2 1554 3794 
2 195 7832 
2 1045 7228 
2 984 9282 
2 1969 3935 
2 4978 9609 
2 917 5840 
2 5853 7033 
2 1731 3058 
2 652 9362 
2 2427 6480 
2 4535 6499 
2 1610 9327 
2 2166 7736 
2 2172 6234 
2 6174 9159 
2 5045 5883 
2 2503 4356 
2 5979 7547 
2 312 901 
2 2803 2873 
2 605 2884 
2 4260 7093 
2 3227 7264 
2 4103 8728 
2 508 3620 
2 5470 7165 
2 435 4237 
2 4807 7408 
2 483 7243 
2 5265 8613 
2 437 3466 
2 4214 8758 
2 3474 7393 
2 3144 9963 
2 4032 5361 
2 7276 7938 
2 5167 8879 
2 4860 8570 
2 4224 8142 
2 2500 6841 
2 8395 9787 
2 5508 9070 
2 179 6654 
2 7416 8780 
2 987 8778 
2 1654 7588 
2 6901 8770 
2 4372 5350 
2 6077 7793 
2 194 8507 
2 5745 6675 
2 2330 3636 
2 7097 9822 
2 2996 5340 
2 4822 7915 
2 2425 9775 
2 4758 8535 
2 1305 7172 
2 3879 9011 
2 209 9415 
2 2556 7639 
2 2170 4577 
2 303 6187 
2 7427 9380 
2 192 6853 
2 184 3530 
2 1142 4732 
2 7059 7789 
2 2206 4972 
2 8877 9749 
2 111 596 
2 8144 8311 
2 118 3476 
2 3984 4891 
2 4890 8117 
2 2769 3082 
2 7578 8786 
2 7098 8038 
2 3189 7561 
2 1614 8114 
2 7942 8975 
2 729 9931 
2 4376 8224 
2 8961 9264 
2 5067 9571 
2 1831 4175 
2 3044 7086 
2 2520 9421 
2 478 5279 
2 3777 8417 
2 482 5107 
2 4285 6141 
2 6128 8405 
2 5557 9218 
2 7883 8361 
2 1728 7856 
2 121 9436 
2 230 6308 
2 6411 8135 
2 1972 7741 
2 1517 6902 
2 1485 6614 
2 2485 2974 
2 4724 7590 
2 3493 5696 
2 4523 5906 
2 2512 2812 
2 4952 5983 
2 2808 5993 
2 908 2771 
2 3727 9556 
2 5747 8061 
2 3717 8244 
2 3716 8272 
2 1695 6156 
2 274 7075 
2 4232 6559 
2 4699 9031 
2 781 7483 
2 7077 9793 
2 1350 1625 
2 156 8462 
2 6682 7045 
2 6177 8075 
2 3685 6720 
2 6833 7606 
2 2098 5483 
2 5504 8009 
2 2039 4899 
2 1496 4470 
2 7847 8530 
2 6937 8002 
2 4098 7187 
2 61 256 
2 311 6545 
2 1283 6607 
2 1177 1226 
2 833 4845 
2 424 507 
2 574 7017 
2 8011 9736 
2 1937 6428 
2 5304 7730 
2 8110 8698 
2 2110 6265 
2 8045 8797 
2 2272 3635 
2 2271 5533 
2 5617 8500 
2 2532 9126 
2 2602 8880 
2 5727 7864 
2 4333 8220 
2 2827 5870 
2 1749 4063 
2 5213 8561 
2 6429 8542 
2 1696 8868 
2 1326 5023 
2 2447 7533 
2 1171 3307 
2 1804 4913 
2 428 8494 
2 866 4427 
2 81 7248 
2 2298 4297 
2 1753 3023 
2 5783 5938 
2 682 3059 
2 3053 9686 
2 6026 7550 
2 4876 6971 
2 1006 7068 
2 3108 8556 
2 2657 5377 
2 4588 9498 
2 5382 9301 
2 795 8159 
2 1501 4980 
2 3690 8635 
2 1513 1634 
2 2231 9357 
2 1984 7404 
2 4440 9457 
2 1917 5262 
2 4966 5158 
2 5260 7337 
2 6075 7833 
2 5754 7830 
2 7682 8473 
2 1703 9296 
2 7929 8190 
2 959 6551 
2 903 8441 
2 4262 8924 
2 5480 6998 
2 803 5008 
2 4305 9910 
2 406 7367 
2 3469 3993 
2 2252 7030 
2 6539 7711 
2 1789 9932 
2 1166 7292 
2 7138 8850 
2 5907 7139 
2 3268 7022 
2 9007 9521 
2 538 6293 
2 1622 5632 
2 7514 8968 
2 3205 7067 
2 3266 9823 
2 3361 5585 
2 7453 8555 
2 3534 5472 
2 182 4770 
2 1275 3846 
2 4591 8592 
2 6237 6257 
2 1307 2673 
2 2310 2357 
2 6021 7584 
2 6412 6617 
2 1932 2583 
2 5910 6098 
2 2393 2900 
2 1149 1762 
2 4851 5010 
2 1191 9577 
2 3416 4843 
2 6799 7688 
2 3963 4060 
2 4048 6519 
2 1824 6533 
2 4019 4793 
2 6393 9548 
2 5281 7281 
2 3854 4453 
2 2138 3705 
2 4830 4923 
2 4893 6848 
2 658 9042 
2 668 4283 
2 3154 9698 
2 2645 9044 
2 603 5693 
2 3286 7102 
2 5926 7523 
2 6859 7129 
2 5900 8541 
2 921 2928 
2 4571 8085 
2 1770 6643 
2 224 3803 
2 3810 9297 
2 25 2026 
2 2961 9411 
2 698 9311 
2 2899 7658 
2 1612 7000 
2 6454 6961 
2 1878 3994 
2 2546 7985 
2 1190 8001 
2 452 9861 
2 2385 4236 
2 5100 9189 
2 3169 3382 
2 2664 6222 
2 275 341 
2 5430 9914 
2 5640 7574 
2 3611 4911 
2 3591 7071 
2 5838 6040 
2 3696 6185 
2 6509 7890 
2 5828 6119 
2 5538 8000 
2 6862 8231 
2 5809 6195 
2 6334 6592 
2 7782 7852 
2 6031 6290 
2 526 6923 
2 54 9972 
2 1775 3454 
2 746 2662 
2 659 2656 
2 582 3719 
2 4009 9101 
2 3619 9270 
2 2153 4691 
2 2280 3990 
2 238 468 
2 9204 9229 
2 1302 9554 
2 319 8554 
2 8334 9146 
2 886 972 
2 27 3523 
2 2709 9059 
2 7488 9825 
2 1134 9720 
2 1667 3754 
2 180 6283 
2 3156 4821 
2 9024 9933 
2 412 6850 
2 6199 8109 
2 2525 4525 
2 1316 2980 
2 7504 8034 
2 5549 7261 
2 999 1873 
2 2038 6772 
2 3413 7011 
2 6491 8118 
2 4209 5386 
2 1777 6391 
2 5635 6516 
2 7222 9150 
2 4520 4556 
2 4581 5778 
2 379 1087 
2 6792 8757 
2 6163 8546 
2 2010 4987 
2 573 3645 
2 4174 5014 
2 2154 5227 
2 5697 9400 
2 8508 9336 
2 1725 3383 
2 1880 4132 
2 422 4252 
2 3843 4034 
2 5257 5949 
2 5859 8098 
2 1308 4705 
2 2758 8344 
2 1237 8318 
2 533 3201 
2 2706 4438 
2 4062 9833 
2 986 5527 
2 2733 7005 
2 1664 3643 
2 1374 7183 
2 1964 4976 
2 1290 9929 
2 5153 5406 
2 6631 7042 
2 1915 5108 
2 3340 5619 
2 154 9321 
2 7882 8511 
2 583 2858 
2 5049 9638 
2 3788 5539 
2 1401 5029 
2 911 5342 
Score 700450586