1628
4 0 5121 5357 8148 
4 1 421 2589 6404 
4 2 5913 6255 9906 
4 3 3629 5583 8785 
4 4 3987 6584 7710 
4 5 1737 5231 7529 
4 6 2094 5796 9487 
4 7 4386 6735 8197 
4 8 998 2584 8754 
4 9 1756 2395 2861 
4 10 59 6312 6655 
4 11 6632 7569 7923 
4 12 7444 7704 8873 
4 13 5515 7262 9612 
4 14 5905 7796 8452 
4 15 398 2489 8407 
4 16 604 820 6459 
4 17 1729 8603 9004 
4 18 4848 7064 7549 
4 19 1248 5886 8733 
4 20 6839 8189 9354 
4 21 4574 8437 9529 
4 22 1524 8479 9483 
4 23 4318 5744 9213 
4 24 3904 4100 4449 
4 25 3626 4233 6823 
4 26 5416 7108 9620 
4 27 847 1287 6476 
4 28 2545 4004 9383 
4 29 973 3697 7792 
4 30 1396 2155 3015 
4 31 2061 5427 9131 
4 32 370 4041 9247 
4 33 4644 4863 5363 
4 34 3135 4631 9618 
4 35 44 6668 7168 
4 36 2117 2222 2687 
4 37 1492 2843 5570 
4 38 453 2752 8284 
4 39 3505 4036 7100 
4 40 461 1423 3273 
4 41 1385 1561 9765 
4 42 3295 8287 8775 
4 43 674 3715 8004 
4 45 2932 6640 8854 
4 46 2096 5616 5918 
4 47 2345 2935 8591 
4 48 666 6639 9813 
4 49 1556 3420 5090 
4 50 1081 3825 7936 
4 51 2331 2598 6762 
4 52 4695 6756 8384 
4 53 948 1677 9959 
4 54 864 1114 5251 
4 55 4147 6196 8689 
4 56 1388 5001 8119 
4 57 4106 5526 5592 
4 58 5083 6613 9128 
4 60 7525 9818 9888 
4 61 683 2246 5989 
4 62 8585 8837 8911 
4 63 3942 5052 8320 
4 64 936 2968 3149 
4 65 962 4194 7819 
4 66 2723 3484 4473 
4 67 132 2819 5211 
4 68 2459 4670 8777 
4 69 876 7369 7577 
4 70 110 7515 8814 
4 71 7863 7939 7950 
4 72 2728 7368 8240 
4 73 752 2196 3176 
4 74 3457 4808 8392 
4 75 8636 8991 9256 
4 76 2212 7208 7290 
4 77 371 684 9614 
4 78 5791 7101 9267 
4 79 281 4090 9894 
4 80 1013 2475 8641 
4 81 714 2499 5651 
4 82 1101 1491 5945 
4 83 2548 5602 6240 
4 84 3024 3656 3678 
4 85 4916 7259 9019 
4 86 3765 4405 7834 
4 87 839 2064 7198 
4 88 1071 2124 5048 
4 89 3795 6170 7945 
4 90 1115 4961 7937 
4 91 1004 4685 5042 
4 92 3272 3647 9965 
4 93 384 1233 9986 
4 94 3302 4579 6677 
4 95 336 1707 8152 
4 96 1734 7104 7201 
4 97 2141 7927 9295 
4 98 1214 2008 2080 
4 99 2070 5101 5773 
4 100 1341 4702 7135 
4 101 2558 4430 6782 
4 102 443 854 1164 
4 103 4917 8058 9568 
4 104 2115 5214 6495 
4 105 4957 5046 7409 
4 106 3499 7540 7961 
4 107 6176 8063 8639 
4 108 2922 4788 5653 
4 109 4886 7825 7896 
4 111 976 1146 7202 
4 112 1830 6702 7313 
4 113 4964 6107 6381 
4 114 3463 4509 4983 
4 115 3566 5295 9307 
4 116 818 3047 7757 
4 117 3792 7305 7595 
4 118 636 4135 5982 
4 119 4874 6252 8612 
4 120 3096 3940 5713 
4 121 2727 2964 7516 
4 122 2274 3896 5772 
4 123 1210 3293 3607 
4 124 1851 3228 8338 
4 125 887 2228 3309 
4 126 4240 7136 9305 
4 127 1353 4322 8608 
4 128 4406 6550 8485 
4 129 5310 7543 8322 
4 130 4940 8745 9433 
4 131 4925 6168 9866 
4 133 1955 6935 9129 
4 134 1203 9527 9795 
4 135 1671 1988 5219 
4 136 1322 5625 7551 
4 137 4185 7145 8465 
4 138 1450 1812 5383 
4 139 3437 4141 4637 
4 140 2456 4131 7326 
4 141 594 2259 8116 
4 142 4167 5873 7359 
4 143 1713 7579 8851 
4 144 766 3114 9539 
4 145 1094 3042 9552 
4 146 1742 4235 8553 
4 147 2686 5006 9690 
4 148 3142 4655 7231 
4 149 2962 3072 6129 
4 150 1934 3686 7583 
4 151 532 5494 5652 
4 152 2481 8387 9263 
4 153 3357 4561 7715 
4 154 727 3844 9235 
4 155 1895 4074 4475 
4 156 2293 4847 8803 
4 157 2759 7447 9525 
4 158 4112 4657 6957 
4 159 723 1050 4102 
4 160 1946 7083 8250 
4 161 213 9532 9917 
4 162 954 2982 3196 
4 163 2045 2736 8332 
4 164 3519 8736 9196 
4 165 4374 7088 7308 
4 166 4320 7196 7648 
4 167 4619 7032 8375 
4 168 859 1418 8010 
4 169 1568 1591 1724 
4 170 5163 8193 8767 
4 171 850 6547 9063 
4 172 2085 6178 9946 
4 173 2340 2726 6882 
4 174 2342 3337 7725 
4 175 4076 5777 8644 
4 176 201 5904 6611 
4 177 992 3689 4638 
4 178 1433 2652 9106 
4 179 2060 4912 4995 
4 180 2642 4402 5172 
4 181 3155 4490 9119 
4 182 2544 6534 9966 
4 183 1621 7494 9576 
4 184 3170 3672 4139 
4 185 586 2828 9747 
4 186 3775 5729 6558 
4 187 2749 3757 8478 
4 188 2628 8138 8601 
4 189 3648 6913 9344 
4 190 3257 5686 6567 
4 191 2323 3781 7451 
4 192 5931 6571 7851 
4 193 3542 6038 8626 
4 194 774 3112 7643 
4 195 328 2870 5156 
4 196 403 7148 8397 
4 197 2862 3593 3889 
4 198 6537 7464 8997 
4 199 676 4058 6467 
4 200 2795 4550 8186 
4 202 1763 7545 8233 
4 203 3475 6134 7862 
4 204 6927 7814 9151 
4 205 2308 4150 9542 
4 206 2300 4244 5081 
4 207 1383 4390 9302 
4 208 2213 3451 4959 
4 209 2814 3376 9559 
4 210 3708 4044 8267 
4 211 4480 7079 9713 
4 212 8187 8242 8865 
4 214 3869 8115 9275 
4 215 3840 5366 8259 
4 216 1711 2036 8506 
4 217 5609 6147 9900 
4 218 1160 6171 7316 
4 219 778 5845 7445 
4 220 1936 7166 8849 
4 221 446 1839 2123 
4 222 2160 7703 8616 
4 223 4837 9320 9528 
4 224 1049 7673 9243 
4 225 654 3526 5540 
4 226 2305 3842 7944 
4 227 6359 8094 8430 
4 228 2243 8079 9873 
4 229 1552 2267 3126 
4 230 2313 3583 6050 
4 231 333 4284 5096 
4 232 245 1136 1509 
4 233 2023 5854 7267 
4 234 8101 8167 9605 
4 235 2985 6123 8509 
4 236 7726 9374 9514 
4 237 2282 3913 8367 
4 238 5324 5359 7953 
4 239 2944 3950 7522 
4 240 1767 5136 9921 
4 241 3745 4551 4902 
4 242 687 5209 6300 
4 243 1231 7466 8036 
4 244 3253 7385 8286 
4 246 373 4498 6580 
4 247 2535 2920 9784 
4 248 706 6777 7008 
4 249 3106 3899 6985 
4 250 2203 3632 6842 
4 251 1845 8348 9289 
4 252 2674 3618 9856 
4 253 1427 4690 7026 
4 254 593 2817 5622 
4 255 6481 7922 9722 
4 256 2718 5665 6638 
4 257 2941 6989 9283 
4 258 7756 8701 9340 
4 259 463 6060 8563 
4 260 2994 9732 9942 
4 261 5600 7050 7700 
4 262 3229 8026 8047 
4 263 1359 3002 9649 
4 264 5919 9111 9691 
4 265 1096 2572 3083 
4 266 4151 4965 8834 
4 267 1996 6582 8697 
4 268 780 1357 8346 
4 269 4516 7920 8253 
4 270 2619 3485 7119 
4 271 709 1085 6313 
4 272 1817 2571 7212 
4 273 745 6329 8721 
4 274 1336 1861 8477 
4 275 4137 4582 9778 
4 276 522 717 9252 
4 277 2364 4951 9366 
4 278 1372 2802 9779 
4 279 565 5962 9443 
4 280 3356 4352 7209 
4 282 2009 6316 6426 
4 283 2905 5909 8839 
4 284 2112 2647 6363 
4 285 1976 6602 9751 
4 286 4351 5891 9123 
4 287 2351 2536 6477 
4 288 3368 3443 9124 
4 289 4134 7629 8614 
4 290 645 3089 9154 
4 291 6994 8199 9365 
4 292 1340 4259 8811 
4 293 1787 5492 7671 
4 294 2162 3214 5793 
4 295 7981 8200 8751 
4 296 2095 2957 4357 
4 297 6415 7330 7489 
4 298 1344 4884 9325 
4 299 332 1202 5593 
4 300 1510 3379 7911 
4 301 6914 8947 9546 
4 302 1701 5239 9585 
4 303 3308 8163 9629 
4 304 4477 8003 9806 
4 305 1001 1717 4293 
4 306 877 3496 9930 
4 307 3062 5330 9511 
4 308 6297 8501 9363 
4 309 1820 4867 9968 
4 310 750 5149 5244 
4 311 924 5544 6666 
4 312 1975 8529 8835 
4 313 4557 8923 9974 
4 314 5236 7057 8658 
4 315 1740 4222 4727 
4 316 3750 5332 6956 
4 317 1505 5518 5970 
4 318 4711 7613 7934 
4 319 1351 4977 5733 
4 320 7391 8651 8779 
4 321 1800 4572 5991 
4 322 1883 2575 6342 
4 323 791 1364 2776 
4 324 1564 3473 4696 
4 325 3730 6042 7153 
4 326 7344 7415 7677 
4 327 8431 9426 9545 
4 329 1747 1965 4331 
4 330 3120 6188 8990 
4 331 1249 8040 9166 
4 334 5683 7439 7647 
4 335 4717 5808 7210 
4 337 1522 5529 5758 
4 338 1743 2245 9962 
4 339 5131 8915 9341 
4 340 2509 4161 4415 
4 341 385 767 9419 
4 342 2043 3579 9550 
4 343 3087 4600 5835 
4 344 2265 5028 6616 
4 345 902 5074 7699 
4 346 1714 3655 6627 
4 347 773 7972 8056 
4 348 2573 6309 6419 
4 349 797 6738 8168 
4 350 6273 8449 9271 
4 351 1061 5553 8866 
4 352 5488 5728 8418 
4 353 631 6742 8579 
4 354 1523 7824 8548 
4 355 1673 3834 7524 
4 356 2952 3223 5155 
4 357 407 7250 9397 
4 358 1200 6144 8470 
4 359 1889 3845 9569 
4 360 3830 8702 9853 
4 361 4870 4960 5720 
4 362 1636 3167 8607 
4 363 1178 3137 9797 
4 364 3791 3905 8625 
4 365 6226 6410 8132 
4 366 4367 6336 9566 
4 367 1508 1948 9626 
4 368 2089 3978 4043 
4 369 2055 2809 3306 
4 372 3271 8487 9048 
4 374 1810 7436 8659 
4 375 1998 6377 9572 
4 376 2612 4524 7748 
4 377 1476 5864 9250 
4 378 5375 6198 8183 
4 379 1228 4861 7155 
4 380 4649 5610 7567 
4 381 3557 4079 9718 
4 382 875 3870 6192 
4 383 3673 8671 9689 
4 386 730 6058 6747 
4 387 2000 2486 3944 
4 388 5170 6384 6769 
4 389 5308 9843 9952 
4 390 2353 4200 9871 
4 391 6028 8707 9746 
4 392 3001 5476 8677 
4 393 432 1483 3278 
4 394 1912 7443 8940 
4 395 4532 7253 9265 
4 396 6010 7095 7412 
4 397 1429 3857 6662 
4 399 1040 2912 7302 
4 400 1853 7103 8172 
4 401 6146 7118 9507 
4 402 1587 3367 8204 
4 404 915 4706 8297 
4 405 1140 8453 9078 
4 406 884 4179 5203 
4 408 836 3997 9755 
4 409 2927 3028 4607 
4 410 4527 8442 8683 
4 411 513 1720 5207 
4 412 3508 6578 9695 
4 413 3022 5803 6110 
4 414 3885 6981 7880 
4 415 464 1708 6483 
4 416 4469 6012 8670 
4 417 1037 5849 6757 
4 418 995 1378 3728 
4 419 1821 7978 8929 
4 420 4617 4883 6320 
4 422 3248 7618 7696 
4 423 634 2585 8692 
4 424 3037 3518 7617 
4 425 4565 4786 8964 
4 426 1224 1253 8932 
4 427 5174 6370 7296 
4 428 4474 7319 7861 
4 429 2877 3877 4307 
4 430 2939 3362 6498 
4 431 1684 3561 3736 
4 433 1681 7536 7603 
4 434 1154 5197 9908 
4 435 1923 4871 8750 
4 436 1073 2627 9359 
4 437 1152 5785 7759 
4 438 1116 8722 8895 
4 439 1117 1484 1526 
4 440 2937 6444 9464 
4 441 1542 3375 8328 
4 442 4038 5823 5902 
4 444 1571 4439 5462 
4 445 520 5278 8524 
4 447 3544 8874 9599 
4 448 559 2600 4361 
4 449 2798 3892 7870 
4 450 2488 4292 4521 
4 451 4975 6296 6367 
4 452 2592 7463 8956 
4 454 3511 9197 9769 
4 455 3853 8466 9880 
4 456 1361 3055 3107 
4 457 2566 6231 7041 
4 458 970 9849 9961 
4 459 5341 5547 9907 
4 460 916 1833 7678 
4 462 5839 6656 8516 
4 465 1712 4946 7823 
4 466 1261 6965 8637 
4 467 5378 5705 6605 
4 468 4668 5503 7178 
4 469 2185 6577 9350 
4 470 5941 8527 9425 
4 471 2716 4604 6938 
4 472 1726 3769 7255 
4 473 529 5250 7238 
4 474 846 5441 6220 
4 475 6715 7130 9984 
4 476 760 5548 5998 
4 477 525 5563 7215 
4 478 2368 7363 9895 
4 479 3050 3134 6856 
4 480 688 1430 6389 
4 481 738 7624 9014 
4 482 844 5151 9741 
4 483 4663 5446 6752 
4 484 1570 3746 8239 
4 485 1234 3969 9168 
4 486 1122 1765 8714 
4 487 1963 2295 9092 
4 488 2106 5271 6583 
4 489 3540 5579 5649 
4 490 3104 3516 4731 
4 491 912 926 9597 
4 492 1827 6540 8363 
4 493 1487 6526 8931 
4 494 923 2649 7740 
4 495 1601 5118 7218 
4 496 1197 2766 8673 
4 497 556 2221 4093 
4 498 2407 6266 9182 
4 499 2804 9121 9161 
4 500 2165 5574 6205 
4 501 5325 6133 6396 
4 502 6364 7518 7778 
4 503 3258 4627 7149 
4 504 1589 2007 7558 
4 505 4990 8059 9214 
4 506 1648 4491 9450 
4 507 4230 5013 8081 
4 508 2127 4126 8833 
4 509 5007 5017 5056 
4 510 628 3674 5948 
4 511 2484 8044 8824 
4 512 6451 7499 8293 
4 514 2879 5875 7204 
4 515 2309 5627 8161 
4 516 5899 7839 9390 
4 517 6623 9246 9594 
4 518 2848 3691 6052 
4 519 7152 8198 9490 
4 521 642 7983 8650 
4 523 2555 6149 7346 
4 524 1010 6680 8305 
4 526 5879 7692 8617 
4 527 1825 7278 9135 
4 528 1015 2590 3973 
4 530 1876 6102 7318 
4 531 3029 7151 9719 
4 533 1866 6721 8247 
4 534 2125 3480 4555 
4 535 2836 3932 6645 
4 536 656 3276 9471 
4 537 900 2811 3692 
4 538 5513 7752 8609 
4 539 597 2872 3608 
4 540 3239 6215 6731 
4 541 3677 8653 9776 
4 542 1735 4859 9580 
4 543 1847 3828 9588 
4 544 6157 8606 9414 
4 545 1620 4522 9286 
4 546 1943 5487 6193 
4 547 1464 6036 7954 
4 548 2516 4650 5824 
4 549 931 6685 8652 
4 550 4170 6256 9499 
4 551 1159 2697 7375 
4 552 1393 1856 6152 
4 553 2538 3808 4671 
4 554 2226 6350 8578 
4 555 590 1056 4054 
4 557 5815 9382 9852 
4 558 1311 2732 6703 
4 560 1819 1994 8134 
4 561 834 1632 7888 
4 562 3132 3573 4496 
4 563 1260 3527 9276 
4 564 2999 3891 5559 
4 566 1205 3092 6531 
4 567 1129 5981 8258 
4 568 4573 4933 8434 
4 569 2705 4792 5061 
4 570 1874 6111 7764 
4 571 2190 5058 7105 
4 572 6206 6443 8537 
4 573 1877 6984 9238 
4 574 5094 6741 9241 
4 575 1718 7875 8468 
4 576 3895 4055 4997 
4 577 1642 7475 8342 
4 578 1562 2091 6053 
4 579 4725 4857 9407 
4 580 7406 8684 9748 
4 581 4592 7542 9637 
4 582 589 1888 8967 
4 583 1884 5371 9799 
4 584 7512 7734 9714 
4 585 3980 4611 9165 
4 587 2428 4814 7777 
4 588 3297 6228 9675 
4 591 4661 6306 7361 
4 592 1704 5710 7884 
4 595 4091 5418 7413 
4 596 4442 4865 7610 
4 598 4636 5794 9326 
4 599 4692 7993 9730 
4 600 2490 6651 6676 
4 601 4774 7219 9602 
4 602 735 4410 8035 
4 603 5644 6628 6932 
4 605 2765 8032 9530 
4 606 1445 2241 6155 
4 607 4703 8907 9864 
4 608 1837 2854 4904 
4 609 4926 9376 9761 
4 610 2020 3558 4066 
4 611 3912 4989 6827 
4 612 1440 4875 9896 
4 613 5044 6849 7003 
4 614 5035 6557 7286 
4 615 648 2565 4716 
4 616 1282 2887 7659 
4 617 3839 3924 4381 
4 618 4363 5235 8123 
4 619 898 2400 5517 
4 620 3531 3802 7594 
4 621 2806 6733 7662 
4 622 5671 6366 7841 
4 623 2254 3654 3945 
4 624 4506 6365 9523 
4 625 2461 4187 9016 
4 626 1598 5020 7090 
4 627 4656 6326 8176 
4 629 3553 7733 9976 
3 630 1023 4089 
3 632 1595 6976 
3 633 3498 4771 
3 635 7074 7526 
3 637 7382 8423 
3 638 5474 5916 
3 639 4064 6794 
3 640 1406 3567 
3 641 6380 8241 
3 643 7037 9650 
3 644 3422 9453 
3 646 1467 9922 
3 647 1339 4773 
3 649 1723 6673 
3 650 2081 5530 
3 651 2006 8597 
3 652 4559 8333 
3 653 1332 5389 
3 655 5205 6289 
3 657 2457 5355 
3 658 5898 9368 
3 659 5336 6436 
3 660 1533 7356 
3 661 2320 3906 
3 662 1471 9220 
3 663 4412 9988 
3 664 2783 7374 
3 665 4879 7432 
3 667 6361 7683 
3 668 6076 6800 
3 669 2907 8432 
3 670 960 2375 
3 671 1609 7914 
3 672 6988 9456 
3 673 3760 8019 
3 675 1422 8861 
3 677 6778 9848 
3 678 1584 4478 
3 679 4495 6857 
3 680 689 4720 
3 681 909 5457 
3 682 3323 3718 
3 685 4375 5489 
3 686 6514 9879 
3 690 5178 6490 
3 691 2462 3244 
3 692 7821 8889 
3 693 5551 8376 
3 694 3145 8715 
3 695 4639 7534 
3 696 2389 8938 
3 697 5633 9468 
3 698 4011 7419 
3 699 3704 7785 
3 700 4766 7943 
3 701 1021 2381 
3 702 5086 7249 
3 703 2874 5869 
3 704 6528 7426 
3 705 7768 8153 
3 707 7818 8898 
3 708 737 9043 
3 710 2398 7310 
3 711 6340 8150 
3 712 8648 8894 
3 713 2401 3582 
3 715 7230 7530 
3 716 3617 6784 
3 718 4452 9726 
3 719 5856 7175 
3 720 9561 9684 
3 721 8043 9703 
3 722 9072 9192 
3 724 1930 9361 
3 725 1529 3299 
3 726 2260 6016 
3 728 835 3153 
3 729 3595 3914 
3 731 1512 3882 
3 732 3983 7592 
3 733 8823 8845 
3 734 3352 3559 
3 736 1922 2129 
3 739 8325 8954 
3 740 4057 8425 
3 741 5901 7917 
3 742 4953 5467 
3 743 5776 8299 
3 744 1952 6585 
3 746 5865 8712 
3 747 6208 9631 
3 748 3966 4026 
3 749 2191 6870 
3 751 3371 5380 
3 753 5255 7990 
3 754 5920 9143 
3 755 5085 6466 
3 756 1090 7770 
3 757 6202 9122 
3 758 4823 8679 
3 759 4467 9222 
3 761 5461 9971 
3 762 3749 7013 
3 763 1886 7966 
3 764 4202 4907 
3 765 5522 8746 
3 768 3985 7116 
3 769 804 6834 
3 770 5724 5832 
3 771 6649 7454 
3 772 4704 9429 
3 775 947 3339 
3 776 3188 9667 
3 777 3075 5531 
3 779 5556 7010 
3 781 3811 8682 
3 782 7596 9549 
3 783 7956 9802 
3 784 4124 8238 
3 785 2134 9062 
3 786 9221 9606 
3 787 1347 1507 
3 788 1822 7689 
3 789 3136 6700 
3 790 3564 5615 
3 792 3129 9091 
3 793 4887 9183 
3 794 2277 9734 
3 795 1100 3011 
3 796 4016 7480 
3 798 6724 8276 
3 799 4640 9828 
3 800 2024 5896 
3 801 1761 3428 
3 802 6184 7220 
3 803 8519 9868 
3 805 2148 7809 
3 806 2924 7221 
3 807 5908 6421 
3 808 1256 2167 
3 809 2343 6574 
3 810 3322 6811 
3 811 6705 7731 
3 812 5756 8196 
3 813 4208 6873 
3 814 2707 6243 
3 815 3991 7186 
3 816 5164 7876 
3 817 5451 7970 
3 819 4465 9173 
3 821 849 1382 
3 822 3641 5566 
3 823 3121 4514 
3 824 3694 8263 
3 825 5584 6203 
3 826 2198 6264 
3 827 2467 3020 
3 828 4335 7964 
3 829 6446 8632 
3 830 5047 6637 
3 831 6248 9096 
3 832 5954 6160 
3 833 2278 9573 
3 837 8264 8562 
3 838 1174 3724 
3 840 6015 9459 
3 841 1047 1908 
3 842 2495 2983 
3 843 2672 5939 
3 845 7984 8027 
3 848 1044 6553 
3 851 4949 5166 
3 852 4708 8908 
3 853 5277 6903 
3 855 6659 9978 
3 856 4659 6681 
3 857 8517 8752 
3 858 6942 7424 
3 860 2875 9752 
3 861 1199 7975 
3 862 1157 1179 
3 863 2367 6726 
3 865 3818 9299 
3 866 1569 7386 
3 867 3681 6522 
3 868 5040 9891 
3 869 5657 8133 
3 870 9987 9996 
3 871 6596 7425 
3 872 4215 9583 
3 873 1181 4992 
3 874 5240 6648 
3 878 1411 4340 
3 879 5860 5947 
3 880 3226 9068 
3 881 6112 8711 
3 882 4511 8801 
3 883 5449 9328 
3 885 6017 7727 
3 886 1593 9210 
3 888 1106 4790 
3 889 2337 3127 
3 890 9038 9633 
3 891 3203 6022 
3 892 3412 5763 
3 893 7384 8143 
3 894 5362 9836 
3 895 1616 3517 
3 896 5721 7509 
3 897 2062 3894 
3 899 2506 8222 
3 901 4286 5173 
3 903 3031 7521 
3 904 1668 6719 
3 905 5836 9721 
3 906 2702 5157 
3 907 1381 4456 
3 908 2025 5536 
3 910 1840 7500 
3 911 4419 6246 
3 913 5813 8160 
3 914 3563 8413 
3 917 2296 6351 
3 918 2601 6713 
3 919 4052 4958 
3 920 8210 8863 
3 921 6478 8202 
3 922 4206 8864 
3 925 5496 8828 
3 927 968 7555 
3 928 1409 8696 
3 929 8336 8667 
3 930 5198 8139 
3 932 3105 9486 
3 933 1400 4359 
3 934 1535 1751 
3 935 1768 2329 
3 937 1012 6275 
3 938 2120 6280 
3 939 5730 6492 
3 940 4742 7877 
3 941 2437 3004 
3 942 4188 8810 
3 943 2159 2954 
3 944 3330 6864 
3 945 4092 8006 
3 946 3596 5872 
3 949 3657 8977 
3 950 4943 6051 
3 951 7751 9935 
3 952 7633 8031 
3 953 1321 6263 
3 955 4228 4801 
3 956 1843 7729 
3 957 4858 8876 
3 958 1640 9995 
3 959 2033 9920 
3 961 5368 8089 
3 963 2578 3809 
3 964 5751 9269 
3 965 1062 9198 
3 966 3235 5082 
3 967 3972 7397 
3 969 7614 8919 
3 971 6960 9600 
3 972 9028 9418 
3 974 2746 4000 
3 975 3311 8454 
3 977 2604 3926 
3 978 1750 5606 
3 979 3939 6576 
3 980 2786 8215 
3 981 7924 9716 
3 982 2762 9699 
3 983 5208 9187 
3 984 1330 7995 
3 985 9519 9768 
3 986 6097 9332 
3 987 1939 2193 
3 988 2072 2661 
3 989 2949 9201 
3 990 1475 6964 
3 991 4046 6008 
3 993 6161 6698 
3 994 1980 8137 
3 996 1036 1259 
3 997 1744 2632 
3 999 4301 4534 
3 1000 9446 9538 
3 1002 2977 9431 
3 1003 3956 9767 
3 1005 2514 4796 
3 1006 6003 6890 
3 1007 1796 5191 
3 1008 5986 9656 
3 1009 7663 8180 
3 1011 6761 6824 
3 1014 2713 7170 
3 1016 2694 8401 
3 1017 8447 9584 
3 1018 3590 9086 
3 1019 2772 5482 
3 1020 3280 4942 
3 1022 1519 3212 
3 1024 4221 9398 
3 1025 1649 2102 
3 1026 4798 6835 
3 1027 5245 6844 
3 1028 6565 7991 
3 1029 2399 4104 
3 1030 7407 8822 
3 1031 1961 9944 
3 1032 1318 7457 
3 1033 2595 8568 
3 1034 1694 2074 
3 1035 3370 4777 
3 1038 6137 6352 
3 1039 4238 8252 
3 1041 5752 8326 
3 1042 2881 9413 
3 1043 3060 8435 
3 1045 6450 8383 
3 1046 2207 4839 
3 1048 3344 9083 
3 1051 1279 5732 
3 1052 1546 3793 
3 1053 4387 4635 
3 1054 6463 7895 
3 1055 4502 8037 
3 1057 5666 6887 
3 1058 6302 7674 
3 1059 6809 9855 
3 1060 6121 7800 
3 1063 6197 9075 
3 1064 2891 7881 
3 1065 1983 8859 
3 1066 2953 5994 
3 1067 2297 3822 
3 1068 4595 4783 
3 1069 7461 7554 
3 1070 3543 7471 
3 1072 7320 7586 
3 1074 4248 7724 
3 1075 6963 9036 
3 1076 1538 6959 
3 1077 1755 8815 
3 1078 5168 7362 
3 1079 3364 6972 
3 1080 3052 8314 
3 1082 5897 7812 
3 1083 2903 4400 
3 1084 7387 7410 
3 1086 8766 9009 
3 1087 7206 7357 
3 1088 2144 3141 
3 1089 3951 4358 
3 1091 2210 6311 
3 1092 8093 8900 
3 1093 2149 2608 
3 1095 2596 9094 
3 1097 4116 8353 
3 1098 4399 5024 
3 1099 4434 6471 
3 1102 4596 6506 
3 1103 1536 7094 
3 1104 6915 8930 
3 1105 1688 9137 
3 1107 2028 9035 
3 1108 2610 9047 
3 1109 1371 9578 
3 1110 2956 3875 
3 1111 2785 8486 
3 1112 2741 3347 
3 1113 1161 4339 
3 1118 6332 9838 
3 1119 3021 6353 
3 1120 9114 9215 
3 1121 4504 5066 
3 1123 3651 9564 
3 1124 1678 2837 
3 1125 2859 4994 
3 1126 2892 3887 
3 1127 6175 7889 
3 1128 3789 6448 
3 1130 5628 6127 
3 1131 4736 7602 
3 1132 2683 4069 
3 1133 6818 7078 
3 1134 4877 6925 
3 1135 1453 2059 
3 1137 2469 5181 
3 1138 7850 9659 
3 1139 5233 6232 
3 1141 2412 6328 
3 1142 4982 8663 
3 1143 1426 9709 
3 1144 1778 6148 
3 1145 7557 9820 
3 1147 2307 3318 
3 1148 4097 4488 
3 1149 5106 7694 
3 1150 4291 8438 
3 1151 5125 7959 
3 1153 4688 8576 
3 1155 2101 2685 
3 1156 3841 6229 
3 1158 1220 6944 
3 1162 3012 7632 
3 1163 7859 8543 
3 1165 6699 9993 
3 1166 5959 9394 
3 1167 6725 9651 
3 1168 8028 8737 
3 1169 1959 8022 
3 1170 4549 5128 
3 1171 9227 9678 
3 1172 2169 8426 
3 1173 5817 9540 
3 1175 1869 7960 
3 1176 4567 9595 
3 1177 8804 9223 
3 1180 2950 6034 
3 1182 5558 6473 
3 1183 5190 5719 
3 1184 7395 9015 
3 1185 4689 4787 
3 1186 7742 9489 
3 1187 3679 4031 
3 1188 1377 8256 
3 1189 5631 7803 
3 1190 4099 6746 
3 1191 5422 7631 
3 1192 1807 2242 
3 1193 2388 8643 
3 1194 4826 5882 
3 1195 1979 5676 
3 1196 2472 7423 
3 1198 6952 8950 
3 1201 4855 9957 
3 1204 3743 7971 
3 1206 1270 7314 
3 1207 3123 3555 
3 1208 3903 5443 
3 1209 4880 7132 
3 1211 2002 7697 
3 1212 6315 7532 
3 1213 4723 7994 
3 1215 1892 8097 
3 1216 4969 8903 
3 1217 3515 6005 
3 1218 3698 5850 
3 1219 5881 7581 
3 1221 1590 6452 
3 1222 5731 6225 
3 1223 2164 9887 
3 1225 1502 3396 
3 1226 4811 7430 
3 1227 2215 2304 
3 1229 2137 9892 
3 1230 5212 7176 
3 1232 2669 3509 
3 1235 4047 8571 
3 1236 4298 5951 
3 1237 3621 6922 
3 1238 6357 9274 
3 1239 7666 8398 
3 1240 6479 9475 
3 1241 5950 8629 
3 1242 4078 7826 
3 1243 2629 2929 
3 1244 3665 6046 
3 1245 4173 5863 
3 1246 4451 4750 
3 1247 3246 4267 
3 1250 1953 6674 
3 1251 6095 6189 
3 1252 1369 1549 
3 1254 2019 6563 
3 1255 2527 6291 
3 1257 1586 7496 
3 1258 2358 2432 
3 1262 2232 9280 
3 1263 3581 9524 
3 1264 2898 4155 
3 1265 3233 7036 
3 1266 5161 5829 
3 1267 4245 8212 
3 1268 4246 4279 
3 1269 4554 4679 
3 1271 7713 7951 
3 1272 4922 9337 
3 1273 1416 7906 
3 1274 1276 3449 
3 1275 5146 6740 
3 1277 4662 8986 
3 1278 2799 6210 
3 1280 3146 7024 
3 1281 3761 5346 
3 1283 1504 4249 
3 1284 7252 7804 
3 1285 3902 5026 
3 1286 8456 8821 
3 1288 6104 9065 
3 1289 2531 3838 
3 1290 2634 6544 
3 1291 1650 7565 
3 1292 2824 8206 
3 1293 2751 9830 
3 1294 3161 4030 
3 1295 2529 3482 
3 1296 4747 5200 
3 1297 2668 3261 
3 1298 4311 4314 
3 1299 5895 9234 
3 1300 2533 6244 
3 1301 7194 7236 
3 1302 3263 9157 
3 1303 1516 9526 
3 1304 3504 3748 
3 1305 4398 7653 
3 1306 7197 9313 
3 1307 1793 4856 
3 1308 3431 3773 
3 1309 4537 4653 
3 1310 3806 5714 
3 1312 5387 8675 
3 1313 3332 8229 
3 1314 6270 6630 
3 1315 7743 9294 
3 1316 5401 7813 
3 1317 1514 9543 
3 1319 5672 9105 
3 1320 3911 9635 
3 1323 4767 8498 
3 1324 1532 3174 
3 1325 1527 4501 
3 1326 4176 7490 
3 1327 2047 2303 
3 1328 3316 4328 
2 1329 6294 
2 1331 7018 
2 1333 3930 
2 1334 8277 
2 1335 7963 
2 1337 8965 
2 1338 6258 
2 1342 6664 
2 1343 8440 
2 1345 9333 
2 1346 9496 
2 1348 9458 
2 1349 9488 
2 1350 1452 
2 1352 9692 
2 1354 9810 
2 1355 1891 
2 1356 1986 
2 1358 4578 
2 1360 2442 
2 1362 4001 
2 1363 4623 
2 1365 4841 
2 1366 4892 
2 1367 4914 
2 1368 5237 
2 1370 6245 
2 1373 6612 
2 1374 6828 
2 1375 6920 
2 1376 7150 
2 1379 7559 
2 1380 8201 
2 1384 8355 
2 1386 9680 
2 1387 8642 
2 1389 8952 
2 1390 9551 
2 1391 9958 
2 1392 1606 
2 1394 1618 
2 1395 2143 
2 1397 2264 
2 1398 2422 
2 1399 2712 
2 1401 3125 
2 1402 2671 
2 1403 3824 
2 1404 5059 
2 1405 3513 
2 1407 3880 
2 1408 4713 
2 1410 5199 
2 1412 6494 
2 1413 4935 
2 1414 5175 
2 1415 6510 
2 1417 5373 
2 1419 5834 
2 1420 5980 
2 1421 6569 
2 1424 8289 
2 1425 6430 
2 1428 6693 
2 1431 6744 
2 1432 6822 
2 1434 6962 
2 1435 6852 
2 1436 8179 
2 1437 8727 
2 1438 8654 
2 1439 9711 
2 1441 8729 
2 1442 9251 
2 1443 9085 
2 1444 9260 
2 1446 3099 
2 1447 3407 
2 1448 3747 
2 1449 4144 
2 1451 4164 
2 1454 4447 
2 1455 4605 
2 1456 4775 
2 1457 4898 
2 1458 5043 
2 1459 5769 
2 1460 6093 
2 1461 8177 
2 1462 7622 
2 1463 8067 
2 1465 7761 
2 1466 8918 
2 1468 5641 
2 1469 9858 
2 1470 9149 
2 1472 9002 
2 1473 4095 
2 1474 3147 
2 1477 9022 
2 1478 2328 
2 1479 4407 
2 1480 3570 
2 1481 6604 
2 1482 5097 
2 1485 7418 
2 1486 5400 
2 1488 7237 
2 1489 7828 
2 1490 7957 
2 1493 8235 
2 1494 8808 
2 1495 8593 
2 1496 8981 
2 1497 8897 
2 1498 9272 
2 1499 1806 
2 1500 9655 
2 1501 2335 
2 1503 1898 
2 1506 1951 
2 1511 2402 
2 1513 4562 
2 1515 3274 
2 1517 3547 
2 1518 6118 
2 1520 6130 
2 1521 7849 
2 1525 6600 
2 1528 6846 
2 1530 8382 
2 1531 7600 
2 1534 9611 
2 1537 9181 
2 1539 8567 
2 1540 9985 
2 1541 1865 
2 1543 1669 
2 1544 2235 
2 1545 9624 
2 1547 1978 
2 1548 2570 
2 1550 3355 
2 1551 2946 
2 1553 5471 
2 1554 4156 
2 1555 4482 
2 1557 4558 
2 1558 6002 
2 1559 5831 
2 1560 5098 
2 1563 6323 
2 1565 6126 
2 1566 6398 
2 1567 6851 
2 1572 6590 
2 1573 6727 
2 1574 8472 
2 1575 7048 
2 1576 6766 
2 1577 7190 
2 1578 7721 
2 1579 8108 
2 1580 8978 
2 1581 8756 
2 1582 1639 
2 1583 9073 
2 1585 2205 
2 1588 2046 
2 1592 2220 
2 1594 2466 
2 1596 2240 
2 1597 4197 
2 1599 5077 
2 1600 4325 
2 1602 4546 
2 1603 4694 
2 1604 5442 
2 1605 4840 
2 1607 6078 
2 1608 6090 
2 1610 6669 
2 1611 6472 
2 1612 6993 
2 1613 7868 
2 1614 6899 
2 1615 8340 
2 1617 7085 
2 1619 7247 
2 1622 7127 
2 1623 7273 
2 1624 7315 
2 1625 7665 
2 1626 7616 
2 1627 1754 
2 1628 7899 
2 1629 8393 
2 1630 8388 
2 1631 8753 
2 1633 8806 
2 1634 2582 
2 1635 1835 
2 1637 9771 
2 1638 2333 
2 1641 9927 
2 1643 2591 
2 1644 3078 
2 1645 3883 
2 1646 3587 
2 1647 3615 
2 1651 4489 
2 1652 5019 
2 1653 5812 
2 1654 5041 
2 1655 5505 
2 1656 6304 
2 1657 6711 
2 1658 6223 
2 1659 5944 
2 1660 6524 
2 1661 7634 
2 1662 4804 
2 1663 8129 
2 1664 7693 
2 1665 8734 
2 1666 7329 
2 1667 7805 
2 1670 8572 
2 1672 9338 
2 1674 8372 
2 1675 9745 
2 1676 9613 
2 1679 1774 
2 1680 9859 
2 1682 1848 
2 1683 2105 
2 1685 2216 
2 1686 2294 
2 1687 2911 
2 1689 3506 
2 1690 4564 
2 1691 7460 
2 1692 8640 
2 1693 5323 
2 1695 2234 
2 1696 2549 
2 1697 6774 
2 1698 2730 
2 1699 3878 
2 1700 1849 
2 1702 3265 
2 1703 5800 
2 1705 3324 
2 1706 3664 
2 1709 5140 
2 1710 3884 
2 1715 4172 
2 1716 5189 
2 1719 5460 
2 1721 5613 
2 1722 5621 
2 1725 6990 
2 1727 6560 
2 1728 5702 
2 1730 6356 
2 1731 9013 
2 1732 6739 
2 1733 6697 
2 1736 6671 
2 1738 7275 
2 1739 7815 
2 1741 8573 
2 1745 9603 
2 1746 9003 
2 1748 9877 
2 1749 9948 
2 1752 2136 
2 1753 2237 
2 1757 2199 
2 1758 3038 
2 1759 3439 
2 1760 2754 
2 1762 3933 
2 1764 3281 
2 1766 4308 
2 1769 4312 
2 1770 4746 
2 1771 5276 
2 1772 6803 
2 1773 7121 
2 1775 7123 
2 1776 7491 
2 1777 9134 
2 1779 8021 
2 1780 8996 
2 1781 2390 
2 1782 2781 
2 1783 3578 
2 1784 8994 
2 1785 2453 
2 1786 3097 
2 1788 2793 
2 1789 4217 
2 1790 3402 
2 1791 3849 
2 1792 4255 
2 1794 5171 
2 1795 5134 
2 1797 5268 
2 1798 5397 
2 1799 9029 
2 1801 7931 
2 1802 6064 
2 1803 6063 
2 1804 8773 
2 1805 9261 
2 1808 6581 
2 1809 7686 
2 1811 9679 
2 1813 9744 
2 1814 2268 
2 1815 2016 
2 1816 2289 
2 1818 3873 
2 1823 2417 
2 1824 3782 
2 1826 2852 
2 1828 4136 
2 1829 4196 
2 1831 4818 
2 1832 4394 
2 1834 4918 
2 1836 4599 
2 1838 5426 
2 1841 5234 
2 1842 5523 
2 1844 5598 
2 1846 5903 
2 1850 6595 
2 1852 6023 
2 1854 6035 
2 1855 6414 
2 1857 6831 
2 1858 6636 
2 1859 7510 
2 1860 8411 
2 1862 8084 
2 1863 9008 
2 1864 8716 
2 1867 9194 
2 1868 2406 
2 1870 9230 
2 1871 9844 
2 1872 2444 
2 1873 3131 
2 1875 2621 
2 1878 2951 
2 1879 2775 
2 1880 3381 
2 1881 3817 
2 1882 4630 
2 1885 3491 
2 1887 4613 
2 1890 4678 
2 1893 3888 
2 1894 5246 
2 1896 5253 
2 1897 6096 
2 1899 7400 
2 1900 6132 
2 1901 6261 
2 1902 6520 
2 1903 7117 
2 1904 7786 
2 1905 8049 
2 1906 7233 
2 1907 8464 
2 1909 8166 
2 1910 8316 
2 1911 8759 
2 1913 8789 
2 1914 8793 
2 1915 3262 
2 1916 9759 
2 1917 1985 
2 1918 9901 
2 1919 2068 
2 1920 2334 
2 1921 2731 
2 1924 3783 
2 1925 3334 
2 1926 3300 
2 1927 3442 
2 1928 3965 
2 1929 4910 
2 1931 5770 
2 1932 4094 
2 1933 5736 
2 1935 6529 
2 1937 7684 
2 1938 6227 
2 1940 6373 
2 1941 6517 
2 1942 7903 
2 1944 6953 
2 1945 6432 
2 1947 7309 
2 1949 2711 
2 1950 7788 
2 1954 8539 
2 1956 2065 
2 1957 8618 
2 1958 8633 
2 1960 8987 
2 1962 2554 
2 1964 2750 
2 1966 2281 
2 1967 3721 
2 1968 2987 
2 1969 4088 
2 1970 3401 
2 1971 3744 
2 1972 4487 
2 1973 3312 
2 1974 3584 
2 1977 4479 
2 1981 4932 
2 1982 4193 
2 1984 5391 
2 1987 5398 
2 1989 5917 
2 1990 5313 
2 1991 5577 
2 1992 7925 
2 1993 5966 
2 1995 5586 
2 1997 5972 
2 1999 7501 
2 2001 7969 
2 2003 8165 
2 2004 6180 
2 2005 9502 
2 2010 2722 
2 2011 3927 
2 2012 9534 
2 2013 3539 
2 2014 9535 
2 2015 9575 
2 2017 3862 
2 2018 3445 
2 2021 4894 
2 2022 5104 
2 2026 5064 
2 2027 5132 
2 2029 5370 
2 2030 7388 
2 2031 6417 
2 2032 6586 
2 2034 7110 
2 2035 6812 
2 2037 7371 
2 2038 8665 
2 2039 9200 
2 2040 7675 
2 2041 7898 
2 2042 9660 
2 2044 7980 
2 2048 2184 
2 2049 2326 
2 2050 2464 
2 2051 3085 
2 2052 2947 
2 2053 2376 
2 2054 3216 
2 2056 3076 
2 2057 3124 
2 2058 3411 
2 2063 3929 
2 2066 4544 
2 2067 3947 
2 2069 4428 
2 2071 4529 
2 2073 4538 
2 2075 4981 
2 2076 7065 
2 2077 5481 
2 2078 5599 
2 2079 7289 
2 2082 5594 
2 2083 9754 
2 2084 7502 
2 2086 8638 
2 2087 9770 
2 2088 7672 
2 2090 7695 
2 2092 8694 
2 2093 9846 
2 2097 9882 
2 2098 2173 
2 2099 9941 
2 2100 2560 
2 2103 3424 
2 2104 3017 
2 2107 3521 
